-1.404849458891592962e+00 1.178414865529760380e+00
-9.686012399622663693e+00 -1.807398211718427916e+01
6.670297240556832818e+00 -2.299068535674448199e+01
-1.292862355631799431e+01 -7.384251801063989262e+00
-1.289538272682115849e+00 1.068526563206831881e+01
-4.656921720976348489e+00 -1.605544330561084365e+01
-1.013731072726898574e+01 -7.263147778682613520e+00
-1.801933778104916284e+00 1.065416447430410152e+01
8.066744659054966959e+00 -1.690555770762774301e+01
6.648080611767373860e+00 -1.719075124053311399e+01
5.391926070402715432e+00 4.009157674674725058e+00
-8.221306180276650721e+00 -9.751505050842908418e+00
6.017454687131380098e+00 -1.597550996063353423e+01
1.068318771208989659e+01 -2.260851415980494394e+01
6.098678116092189683e+00 -1.519718890178629422e+01
3.289567887420116854e+00 -1.399117157920965226e+01
-1.330881591633250594e+01 -7.671588577029047507e+00
-1.195182533031782590e+01 -5.514769252050670367e+00
2.418904908648916940e+00 2.700101600226334497e-01
7.347630155694101717e+00 -2.004427068200915230e+01
-1.133307446477547842e+01 -6.654916057873334623e+00
1.163564743750714570e+01 -2.367581927789947116e+01
5.779697856729876904e+00 -2.622794730410701902e+01
3.849968172453847703e+00 3.789618308759584053e+00
2.876320362074439529e+00 -1.870998586479976211e+01
3.137544783168698892e+00 -2.200009827715245336e+01
-1.136636423568790022e+00 2.538081168718880232e+00
-2.745293457857505892e+00 3.913760524989786216e+00
-8.210019732409151061e+00 -1.143881793810355241e+01
2.381559303190527999e-01 -1.866724195328954039e+01
-6.096215889817602651e+00 -2.485752559528155992e+00
8.046828510144086621e+00 -1.914500429738709286e+01
-1.913591196958054796e+00 8.189490137323069519e+00
2.988571390056693033e+00 9.528526304165659155e+00
-1.308161707573455779e+01 -6.043228506035117853e+00
-5.637092880024524355e+00 -1.675848861119933808e+00
1.669358558361253353e+00 4.069558358128936959e+00
3.175003947470986354e+00 -1.635995199647995335e+01
-7.004288327861397434e+00 -9.617278747630765068e+00
9.457546483705652207e+00 -1.670955705662897373e+01
-1.803401260618609614e+00 8.051058830568621261e+00
6.808919913653775247e+00 -1.966760738414776810e+01
-9.082324171879855967e+00 -8.498145119126498059e+00
-1.158785227097731907e+00 1.044622217907778960e+01
9.288988520868661780e-01 -1.583058175928732147e+01
1.524618501942694326e+00 -2.029951990645773918e+01
-1.097720547827759141e+01 -7.191418542739693720e+00
3.684911722546632795e+00 -1.803413642001907391e+01
6.462583993772082813e+00 -2.079361241115044834e+01
-4.608627406953218930e+00 -1.180264408878448990e+01
2.109374326526900489e-01 -1.408157030627101136e+01
5.781571309074982956e+00 3.690216598049087082e+00
-8.138553600632164375e+00 -7.642389228272143953e+00
4.038502971061321389e+00 3.657598556137992674e+00
-1.312022189059515753e+01 -1.560347641046563893e+01
-8.905527647843886285e+00 -8.081674141085706253e+00
-8.843593989413189860e+00 -1.077164000822575929e+01
1.197449711985122889e+01 -2.158895616755384950e+01
7.467441054433233916e+00 -2.177955585005762629e+01
6.675199929793009801e-01 -2.733718780467236087e+01
1.826233924695615851e+00 -2.226524938933509290e+01
3.684340862203042022e+00 8.798805096928068892e+00
1.142097959758315406e+00 6.454214291520139923e+00
-3.932550883135783604e+00 5.751291879719424571e+00
-8.764625959914525311e+00 -2.891490391646169833e+00
-6.294461268156945621e-01 -1.984920099504258317e+01
-8.333436861473613178e+00 -7.822915497500524395e+00
-1.071611244853489353e+00 5.704713497034846981e+00
3.422202165375930250e+00 -2.061119856972455011e+01
-4.376853603391807290e+00 8.858007587275276151e+00
-3.735077398273707772e+00 8.636506690898357874e+00
1.563465272784598792e+00 7.174702727349018261e-01
4.677398769856432992e+00 8.425878731353243722e+00
3.345298716774146364e+00 3.557749673554940983e+00
-1.354122447004547425e+00 -2.390665034780089471e+01
1.236036334020256788e+01 -2.003997955169835521e+01
-2.917755536569030195e+00 6.101714008866507832e+00
5.843623737327627410e+00 -1.887038405917058270e+01
-4.326784360664865048e+00 6.359440288247784068e-01
8.780524602081309082e-02 4.609071699096898733e+00
-9.287264055536502028e+00 -9.676972871952644439e+00
1.028795567311931336e+01 -2.470465466838074775e+01
-1.267842091139060656e+00 -1.033961082857935665e+01
5.887247434528262602e+00 -2.886295377736143664e+01
-8.557236471400685218e+00 -5.698802067370017710e+00
-2.610443185767447272e+00 6.773760351665291779e+00
-2.614620242607923473e-01 -1.747232210229414662e+01
-1.637515516117416325e+01 -9.723420141116161375e+00
6.019416049739688468e+00 -1.971650027510018077e+01
2.636211971341061222e+00 5.999847861309585362e+00
-1.555628748904764258e+01 -1.314394419230115219e+01
-2.634192357160905829e+00 4.910293056518661992e+00
-1.545886505446401049e+00 1.054181056652662818e+01
2.079107052981648884e+00 9.154028563171996424e-01
-1.493020107411044295e+00 5.693044193555973465e+00
-4.199351601342366180e+00 4.881936360112309359e+00
1.506984161256799570e+00 -1.791209222358783393e+01
-1.070525504592711741e+01 -7.163769445979698780e+00
1.142455533209421947e+00 -1.950810908516981357e+01
-1.092537127649418771e+01 -1.143568396507079399e+01
1.657256343195760317e+00 9.830532802862762765e+00
-4.555539252734567057e+00 3.313106694919211392e+00
-1.256753749318881042e+01 -1.423598577454771252e+01
-5.545048301463551432e+00 -1.170721304818355080e+01
2.366176352449593234e-01 4.621938510190808813e+00
-9.449901058526222641e+00 -5.716335519019421163e+00
-1.018624467138627665e+01 -8.480841119751303836e+00
3.629598051328051245e+00 4.499891399395669289e+00
1.196447531143174814e+00 -2.160596802518730897e+01
2.099640923860632391e+00 -2.181176405274304386e+01
8.968573356529459417e+00 -1.998256562269670766e+01
-2.721807338421582401e-01 -1.503814920752581941e+01
-1.158895968830967504e+01 -1.107340457589180360e+01
6.452041882398813044e+00 -2.366169386880105918e+01
3.545676446190300091e+00 7.589086742677473296e+00
-8.621409016793641911e+00 -1.033868572831703325e+01
-9.244807431535694064e+00 -1.046310206380979757e+01
2.357711548408930380e+00 -1.855487236485242875e+01
1.914427451817812820e+00 -2.445451207873492905e+01
1.159959229119401414e+00 6.092059519829293279e+00
-3.276698719295883411e+00 7.821325999900792247e+00
-1.632130277158715170e+00 2.133319563509426864e+00
2.867971113479249379e+00 -2.332534719961397585e+01
-1.149334954805912901e+01 -1.018514491658536691e+01
-2.034814590692104908e+00 5.486562372765958706e+00
-1.054070510633358815e+01 -1.188837783691885619e+01
4.473356167798562821e-01 9.593647338313486372e+00
1.568144735862781580e+00 -2.163961113551091486e+01
-7.750894020812893359e+00 -1.247764365689735300e+01
-1.228914480520795216e+00 2.845232346340070606e+00
-4.438442515247596809e+00 -5.886925141847219045e+00
4.101628036551245415e+00 -2.097709899786728371e+01
1.280613579237768862e+00 5.201246737235847739e+00
-2.466567978300286068e+00 4.823187561289111080e+00
5.978567140057350571e+00 2.396414608009731939e+00
-1.221298059214083054e+01 -1.041253517446986621e+01
3.459746565270809704e+00 9.089669780789044751e+00
-9.910789164866697476e+00 -1.291512346967114766e+01
4.061616248529703377e+00 1.971516501187062342e+00
-7.622435157633585590e+00 -1.417627824951757987e+01
-5.180756373980776708e+00 -1.365171482012953597e+01
-8.259126525814759034e+00 -8.533181276995557951e+00
2.864450815985557508e+00 -2.299846594151347290e+01
-6.587729442534886459e+00 -9.381057271330321967e-01
-1.367162922247171863e+01 -3.779024249349753894e+00
-1.013093808924801387e+01 -9.459177798841393425e+00
-8.208321690634845069e+00 -4.538056660024152755e+00
5.515854759495972814e+00 5.035475435522988263e+00
-8.217061984908985650e+00 -9.206180421012062354e+00
-1.280817659037130696e+01 -8.793131577345796757e+00
6.554386220266904317e+00 -1.325493261677004142e+01
2.067671030794851816e+00 1.956168679687926737e+00
2.898554871722846649e+00 2.198025845526551780e+00
-1.836940676613821211e+00 -1.908396558580321667e+01
-7.384151008882956502e-01 6.060943947792461373e+00
-8.756182882718405835e+00 8.533573454821945958e+00
-1.018009844959400167e+00 4.834051161150936693e+00
3.080753051536469833e+00 -1.768589110480162674e+01
-9.015211600692655480e+00 -5.004846648692066857e+00
3.112183822281505141e-01 3.810070790687960063e+00
-3.171555834093165993e-01 1.148363585830911049e+01
6.348307040012659552e-01 6.379204317839720417e+00
5.267509692294078505e+00 -1.407236625709045441e+01
2.098065466090560438e+00 7.451849208955663606e+00
-5.427609953784136465e+00 -1.473897962311594689e+01
3.022601481792476008e+00 -1.761352960218376396e-01
9.201264427343387453e+00 -1.890175895898670788e+01
-1.795945011027525240e+01 -1.370477473871657104e+01
-7.179881644036676391e+00 -1.596634110491580216e+01
4.460627987610540579e+00 3.143174402652055832e-01
-8.011971359865993847e+00 -1.023650525867516770e+01
-9.069638329387650799e+00 -1.066797009564966636e+01
3.762882266781455876e+00 -1.887288407302649773e+01
5.008071673094857346e+00 -2.126432959024486991e+01
-1.255431803657081247e+01 -1.315334797259915689e+01
-2.721114118712340879e+00 2.563681955548331448e+00
-6.040536458653155805e+00 -1.278503729275121437e+01
-1.376821185170373996e+00 2.796485123445249688e+00
4.888196780120688700e+00 -1.798581676156718601e+01
5.842263475154353181e+00 -1.696380113884705665e+01
-1.115207029745707068e+01 -2.329073355453893157e+00
2.423210267342676971e-01 -1.525627686710606667e+01
-6.116869081256747442e+00 -1.141962035307002488e+01
7.181011312742418440e+00 3.863719427603795165e+00
-6.816350671405100314e+00 8.246074447937184360e+00
2.413586660805542294e+00 -2.250147323100656749e+01
5.862616794586878122e+00 4.295940094444434365e+00
5.996059160742984062e+00 -1.563890811005549253e+01
-2.557082680165016608e+00 9.793999707211280992e+00
3.068902729696778575e-01 4.988033167007266400e-02
-8.842310219266790838e+00 6.471856126486167149e+00
-5.536886169677936564e+00 9.887633256527129433e+00
-7.611942446677427476e+00 -8.418722152791589863e+00
-1.613100602325927824e+01 -1.047321736695864480e+01
-1.366114031683873975e+01 -5.450348991103548535e+00
-1.525747835586616219e+01 -9.260730394384902198e+00
4.661202775896716055e+00 -1.960272955632462200e+01
1.231539985871708964e+01 -2.134194471385617575e+01
1.540086476866008303e+00 -3.384097572704645174e-01
7.297068879201695779e+00 -2.026715953918012403e+01
-7.903586232289571356e+00 -5.384324458707212990e+00
5.164385673259591414e+00 -2.081420133126020033e+01
-3.992012765744870073e+00 -1.030393384394098710e+01
-3.744359958859246884e+00 5.258764956425503456e+00
-2.667598362159665726e+00 7.177844102564119311e+00
-1.252285215819770414e+01 -9.220500533298123358e+00
-3.920033926534743696e+00 4.038581188456109139e+00
-1.218346635448580528e+01 -7.651253585386734279e+00
-1.070562417840866232e+01 -6.901586447919170197e+00
8.326181448880753067e+00 -1.729867107141628324e+01
1.303944814046516409e+00 1.136435641963203480e+01
3.266633965352586100e-01 9.608181756987054456e+00
7.651615104410988799e+00 -1.762928724312644491e+01
-4.912222630989304228e+00 7.054336373886977540e+00
-7.144415539147020766e+00 -9.938145813390416805e+00
2.775799342367571310e+00 -2.535413985618266608e+01
-1.743900850600185137e+01 -1.133263867472322062e+01
-4.003924250322994816e+00 -1.469944018931324869e+01
-1.379511164633998632e+01 -1.059504741509024051e+01
8.646569427412634568e+00 -2.321253785031442973e+01
3.238129725678807080e+00 3.272881177816737264e+00
2.031786852932847331e+00 -1.739715242954430607e+01
-6.870836585667921881e+00 1.599032582409994596e+01
-1.292409643848008471e+01 -1.420812296115334661e+01
-1.053616782717605993e+01 -1.766429196119183231e+01
7.017709680171339670e+00 -2.633140384164025960e+01
1.880332250263033078e+00 -2.169520200490218897e+01
4.629663808070579201e+00 -2.351077899438502783e+01
5.998106948485862233e+00 5.765240019864887877e+00
-5.043191378643218314e+00 3.974451301078391730e+00
-6.859863218412344255e-01 4.991861399079683181e+00
-1.665290962146377396e+00 4.773389344352992225e+00
1.972903839088449907e+00 -1.718642969093281891e+01
8.181315466307271578e+00 -1.872005927545553661e+01
-1.079937793548427782e+00 1.286304263872679243e+01
-8.454264283767574994e+00 -1.717866882131954043e+01
-6.848728552379276024e+00 4.763402749629098487e+00
-1.686645637465833958e-01 7.762923770747783614e+00
-8.964703728934338756e+00 -1.050913468607673451e+01
5.968887595866052997e+00 1.051856113862024067e+01
-3.933536724832314757e+00 5.513267336905937732e+00
4.643939971234542163e+00 -1.991877792877974684e+01
-1.184058992860096282e+01 -6.284742162466542936e+00
2.572045599184380471e+00 4.256530441764417638e+00
-1.164921290708246282e+01 -1.525899441734297923e+01
-1.055739950227834889e+01 -1.165596327105304120e+01
1.061868302858558266e+01 -2.123472575075939872e+01
5.460647889548068790e+00 -1.409637381567298675e+01
-1.434362623908067924e+01 -9.962307718117907385e+00
5.740061141725078642e+00 -2.153299771237668381e+01
